	ACOB	OBDOP1	OBDOP2-OBINH123	OBINH4	OBINH5	OBNBL12	OBNBL3	OBNBL45	OEC
Agpat3	1	0	0	0	0	0	0	0	0
Cd81	1	0	0	0	0	0	0	0	1
Timp2	0	0	0	0	0	1	0	0	0
Igfbp7	0	0	0	0	0	0	0	0	1
Stxbp1	0	0	1	0	0	0	0	0	0
Kit	0	0	0	0	1	0	0	0	0
Ccnd2	0	0	0	0	0	0	1	0	0
Rpl38	0	0	0	0	0	0	1	0	0
Ndufa5	0	0	0	0	1	0	0	0	0
Frzb	0	0	0	0	0	0	0	0	1
Nrtn	0	0	0	0	1	0	0	0	0
Ldhb	0	0	0	0	1	0	0	0	0
Cck	0	0	0	0	0	1	0	0	0
Rps17	0	0	0	0	0	0	1	0	0
Rtn4	0	0	1	0	0	0	0	0	0
Glul	1	0	0	0	0	0	0	0	1
Nmb	0	0	0	0	0	1	0	0	0
Ndufa13	0	1	0	0	1	0	0	0	0
Rcn2	1	0	0	0	0	0	0	0	0
Ly6g6e	0	0	0	0	0	1	0	0	0
Syt1	0	0	1	0	0	1	0	0	0
Pak1	0	0	0	0	0	1	0	0	0
Tmem108	0	0	0	0	0	1	0	0	0
Calm2	0	0	1	1	0	0	0	1	0
Aes	0	0	0	0	1	0	0	0	0
Penk	0	0	1	0	0	0	0	0	0
Cox6a2	0	0	0	0	1	0	0	0	0
Nppa	0	0	0	0	1	0	0	1	0
H3f3a	0	0	0	0	0	0	1	0	0
Gm1673	0	0	0	0	0	0	1	0	0
Ptprd	0	0	0	0	0	1	0	0	0
Deptor	0	0	0	0	0	1	0	0	0
Rgcc	1	0	0	0	0	0	0	0	1
Paqr8	1	0	0	0	0	0	0	0	0
Aqp4	1	0	0	0	0	0	0	0	0
Ncdn	0	0	1	0	0	0	0	0	0
Nrsn2	0	0	0	0	1	1	0	0	0
Mgst1	0	0	0	0	0	0	0	0	1
Rps7	0	0	0	0	0	0	1	0	0
Rps18	0	0	0	0	0	0	1	0	0
2310022B05Rik	0	0	0	0	0	0	0	0	1
Gad2	0	1	0	0	1	0	0	0	0
Vsnl1	0	0	0	0	0	1	0	0	0
Rps11	0	0	0	0	0	0	1	0	0
Ybx1	0	0	0	0	0	0	1	0	0
Pcp4l1	0	0	1	0	0	0	0	0	0
Fau	0	0	0	0	0	0	1	0	0
Pygb	1	0	0	0	0	0	0	0	0
Acsl6	1	0	0	0	0	0	0	0	0
Eef1a1	0	0	0	0	0	0	1	0	0
Ndnf	0	0	0	1	0	0	0	0	0
Klc1	0	0	0	0	0	1	0	0	0
Rpl36	0	0	0	0	0	0	1	0	0
Nnat	0	0	0	0	0	0	1	0	1
Atp5j	0	0	0	0	1	0	0	0	0
Gng3	0	1	0	0	1	1	0	0	0
Uqcr11	0	0	0	0	1	0	0	0	0
Rpl14	0	0	0	0	0	0	1	0	0
Dnm1	0	0	0	0	1	1	0	0	0
Rps20	0	0	0	0	0	0	1	0	0
Rpl8	0	0	0	0	0	0	1	0	0
Atp2b2	0	0	1	0	0	0	0	0	0
Scg2	0	0	0	0	1	0	0	0	0
Rps13	0	0	0	0	0	0	1	0	0
Mmd2	1	0	0	0	0	0	0	0	1
Nxph4	0	0	0	0	0	1	0	0	0
A830018L16Rik	0	0	0	1	0	0	0	0	0
Fam3c	0	0	0	0	0	0	0	0	1
Mdh1	0	0	0	0	1	0	0	0	0
Grin2b	0	0	1	0	0	0	0	0	0
Cd9	0	0	0	0	0	0	0	0	1
Snap25	0	0	1	0	0	0	0	0	0
Rprm	0	0	0	1	0	0	0	0	0
Nrxn1	0	0	0	0	0	1	0	0	0
Sash1	0	0	0	0	0	0	0	0	1
Slc4a4	1	0	0	0	0	0	0	0	0
Gabra1	0	0	0	0	0	1	0	0	0
Scd2	1	0	0	0	0	0	0	0	1
Rpl23	0	0	0	0	0	0	1	0	0
Atp2b1	0	0	1	0	0	0	0	1	0
Crh	0	0	0	0	1	0	0	0	0
Serf1	0	0	0	0	0	0	1	0	0
Rpl9	0	0	0	0	0	0	1	0	0
Mpc2	0	0	0	0	1	0	0	0	0
Fbln2	0	0	0	0	0	0	0	0	1
Psap	1	0	0	0	0	0	0	0	0
Cd200	0	0	0	0	0	0	0	0	1
Prdx1	0	0	0	0	0	0	0	0	1
Crip2	0	0	0	0	0	0	0	0	1
Hopx	1	0	0	0	0	0	0	0	0
Aldoa	0	1	1	0	1	0	0	0	0
Nap1l5	0	1	0	1	1	0	0	1	0
Pla2g7	1	0	0	0	0	0	0	0	0
Bsg	0	0	0	0	0	0	0	0	1
Pfn2	0	0	0	0	0	0	1	0	0
Aplp1	0	0	1	0	0	0	0	0	0
Rps16	0	0	0	0	0	0	1	0	0
Cartpt	0	0	0	1	0	0	0	0	0
Ube3a	0	1	1	0	0	0	0	0	0
Bcan	1	0	0	0	0	0	0	0	0
Asrgl1	1	0	0	0	0	0	0	0	0
Metrn	1	0	0	0	0	0	0	0	0
Itm2b	0	0	0	0	0	0	0	0	1
Pcp4	0	0	1	0	0	0	0	0	0
Shisa2	0	0	0	0	0	0	0	0	1
Slc7a10	1	0	0	0	0	0	0	0	0
Nme1	0	0	1	0	0	0	0	0	0
Rpl23a	0	0	0	0	0	0	1	0	0
Eno2	0	0	1	0	0	0	0	0	0
Chst1	0	0	0	0	0	1	0	0	0
Meis2	0	0	1	1	0	0	1	0	0
Sv2a	0	1	0	0	1	1	0	0	0
Ntsr2	1	0	0	0	0	0	0	0	0
Uqcrq	0	0	0	0	1	0	0	0	0
Tril	1	0	0	0	0	0	0	0	0
Ppp1r1a	0	1	0	0	1	0	0	0	0
Apoe	1	0	0	0	0	0	0	0	1
Ndufb8	0	0	0	0	1	0	0	0	0
Lfng	1	0	0	0	0	0	0	0	0
Nptn	0	0	1	0	0	0	0	0	0
Prdx2	0	0	0	0	0	0	1	0	0
Nrep	0	0	0	0	0	0	1	0	0
Scd1	0	0	0	0	0	0	0	0	1
Dpysl3	0	0	0	0	0	0	1	0	0
Ramp1	1	0	0	0	0	0	0	0	0
Car2	1	0	0	0	0	0	0	0	0
Pik3r1	0	0	0	0	1	0	0	0	0
6330403K07Rik	1	0	0	0	0	0	1	0	0
Enho	1	0	0	0	0	0	0	0	0
Sh3bp1	0	0	0	0	1	0	0	0	0
Ncam1	0	0	0	0	0	0	0	0	1
2900011O08Rik	0	0	0	0	0	1	0	0	0
Prdx6	1	0	0	0	0	0	0	0	1
Gfap	1	0	0	0	0	0	0	0	0
Matn4	0	0	0	0	0	0	0	0	1
Nrarp	0	0	0	0	0	0	0	0	1
Gal	0	1	0	0	0	0	0	0	0
Scg5	0	0	1	0	1	0	0	1	0
Sncb	0	1	0	0	1	1	0	1	0
Id2	1	0	0	1	0	0	0	0	0
Btbd17	1	0	0	0	0	0	0	0	0
Cx3cl1	0	0	1	0	0	0	0	0	0
Stmn2	0	0	0	0	0	0	1	0	0
Gria1	0	1	0	0	1	0	0	0	0
Rab3a	0	1	1	0	1	0	0	0	0
Hist1h2bc	1	0	0	0	0	0	0	0	0
Cdk4	0	0	0	0	0	0	1	0	0
Abat	0	1	0	0	0	0	0	0	0
Ndufb2	0	0	0	0	1	0	0	0	0
Dlx2	0	0	0	0	0	0	1	0	0
Atp5h	0	0	0	0	1	0	0	0	0
Rpsa	0	0	0	0	0	0	1	0	0
1700020I14Rik	0	0	0	0	1	0	0	0	0
Rtn1	0	0	0	0	0	0	1	0	0
Lcat	1	0	0	0	0	0	0	0	0
Tubb2b	0	0	0	0	0	0	1	0	0
Psat1	0	0	0	0	0	0	0	0	1
Rps24	0	0	0	0	0	0	1	0	0
Gria2	1	0	1	0	0	0	0	0	0
Tpt1	0	0	0	0	0	0	1	0	0
Ifitm3	0	0	0	0	0	0	0	0	1
Nrn1	0	0	0	0	0	1	0	0	0
Syndig1l	0	1	0	0	0	0	0	0	0
Map2k1	0	0	1	0	0	0	0	0	0
Rpl11	0	0	0	0	0	0	1	0	0
Chst2	1	0	0	0	0	0	0	0	0
Htra1	1	0	0	0	0	0	0	0	0
Rprml	0	0	0	1	0	0	0	0	0
Gng4	0	0	1	1	0	0	0	0	0
Slc6a9	1	0	0	0	0	0	0	0	0
Rps27a	0	0	0	0	0	0	1	0	0
Slc13a3	1	0	0	0	0	0	0	0	0
Rpl13a	0	0	0	0	0	0	1	0	0
Serpine2	1	0	0	0	0	0	0	1	1
Ypel3	0	0	1	0	0	0	0	0	0
Ndufa4	0	0	0	0	1	0	0	0	0
Itih3	1	0	0	0	0	0	0	0	0
Lmo1	1	0	0	0	0	0	0	0	0
Sec11c	0	0	0	0	0	0	0	0	1
Lrp1	1	0	0	0	0	0	0	0	0
Eif4a2	0	0	0	0	0	1	0	0	0
Glo1	0	0	0	0	0	0	0	0	1
Rpl36a	0	0	0	0	0	0	1	0	0
Ncan	1	0	0	0	0	0	0	0	0
Calm1	0	0	0	0	0	0	1	0	0
Laptm4b	0	0	0	0	1	0	0	0	0
Plp1	0	0	0	0	0	0	0	0	1
Rpl27	0	0	0	0	0	0	1	0	0
Tcap	0	0	0	0	1	0	0	0	0
Serp2	0	0	0	0	1	0	0	0	0
Rpl13	0	0	0	0	0	0	1	0	0
Zwint	0	1	0	0	1	1	0	0	0
Sep15	0	0	0	0	0	0	0	0	1
Nme7	0	0	0	0	0	0	0	0	1
Tspan7	1	0	0	0	0	0	0	0	0
Atp6v1g2	0	1	1	0	1	0	0	0	0
Rps4x	0	0	0	0	0	0	1	0	0
Marcksl1	0	0	0	0	0	0	1	0	0
Ptprz1	1	0	0	0	0	0	0	0	1
Grin1	0	0	1	0	0	0	0	0	0
Snca	0	1	1	0	0	0	0	1	0
F3	1	0	0	0	0	0	0	0	0
Cdhr1	0	0	0	0	0	1	0	0	0
Map1lc3a	0	0	0	0	1	1	0	0	0
Kcnj10	1	0	0	0	0	0	0	0	0
Cmtm5	0	0	0	0	0	0	0	0	1
Aplp2	0	0	0	0	1	0	0	0	0
Slc38a3	1	0	0	0	0	0	0	0	0
Dynll1	0	0	1	0	0	0	0	0	0
Ndufs6	0	0	0	0	1	0	0	0	0
Mfge8	1	0	0	0	0	0	0	0	0
Pvalb	0	0	0	0	1	0	0	0	0
Dynll2	0	0	0	0	1	0	0	0	0
Ndufb5	0	0	0	0	1	0	0	0	0
Cit	0	0	0	0	1	0	0	0	0
Fam171b	0	0	1	0	0	0	0	0	0
Cfl1	0	0	0	0	0	0	1	0	0
Rps14	0	0	0	0	0	0	1	0	0
Dlx1	0	0	0	0	0	0	1	0	0
Slc24a2	0	0	0	0	1	0	0	0	0
Rps10	0	0	0	0	0	0	1	0	0
Acsbg1	1	0	0	0	0	0	0	0	0
Olig1	1	0	0	0	0	0	0	0	0
Cacng2	0	0	0	0	1	0	0	0	0
Diras2	0	0	0	0	1	0	0	0	0
Dbi	1	0	0	0	0	0	0	0	1
Ndufv3	0	0	0	0	1	0	0	0	0
Thrsp	0	0	0	0	0	0	0	0	1
Napb	0	0	1	0	0	0	0	0	0
Arpp21	0	0	1	0	0	0	0	0	0
Ogt	0	0	1	0	0	0	0	0	0
Igfbp2	1	0	0	0	0	1	0	0	0
Trnp1	0	0	0	0	1	0	0	0	0
Mrfap1	0	0	0	0	0	1	0	0	0
Caly	0	0	0	0	0	1	0	0	0
Tcf4	0	0	0	0	1	0	0	0	0
Cryab	0	0	0	0	0	0	0	0	1
Cxcl14	1	0	0	0	0	0	0	0	0
Timp3	1	0	0	0	0	0	0	0	1
Arf3	0	0	1	0	0	0	0	0	0
Ncald	0	0	0	0	0	0	0	0	1
Cplx1	0	0	1	0	1	0	0	0	0
Snrpg	0	0	0	0	0	0	1	0	0
Gap43	0	1	0	0	0	0	0	0	0
Fabp3	0	0	0	0	1	0	0	0	0
Cpe	1	0	0	0	0	0	0	0	0
Camk2a	0	0	1	0	0	0	0	0	0
Fkbp1a	0	0	1	0	0	0	0	0	0
Laptm4a	0	0	0	0	0	0	0	0	1
Nsg2	0	0	1	0	0	0	0	0	0
Pea15a	1	0	0	0	0	0	0	0	0
Zeb2	0	0	0	0	0	0	0	1	0
Crmp1	0	0	0	0	0	0	1	0	0
Rps5	0	0	0	0	0	0	1	0	0
Cycs	0	0	0	0	1	0	0	0	0
Rasgrp1	0	0	1	0	0	0	0	0	0
Rpl4	0	0	0	0	0	0	1	0	0
Naca	0	0	0	0	0	0	1	0	0
Hint1	0	0	0	0	1	0	0	0	0
Ndufa6	0	0	0	0	1	0	0	0	0
Mt3	1	0	0	0	0	0	0	0	0
Lmo4	0	0	0	0	0	0	0	0	1
Rpl31	0	0	0	0	0	0	1	0	0
Cox5a	0	0	0	0	1	0	0	0	0
Tmsb10	0	0	0	0	0	1	1	0	0
Abhd3	1	0	0	0	0	0	0	0	0
Sox11	0	0	0	0	0	0	1	0	0
Chchd10	0	0	1	0	0	1	0	0	0
Ndrg2	1	0	0	0	0	0	0	0	1
Ccdc80	0	0	0	0	0	0	0	0	1
Ndufb9	0	0	0	0	1	0	0	0	0
Ctxn1	0	0	1	0	0	0	0	0	0
Rplp2	0	0	0	0	0	0	1	0	0
Ednrb	1	0	0	0	0	0	0	0	0
Sox4	0	0	0	0	0	0	1	0	0
Mpped2	0	0	0	0	0	0	1	0	0
Gpsm1	0	0	1	0	0	0	0	0	0
Synpr	0	1	1	0	0	0	0	0	0
Zic1	0	0	0	0	0	0	0	1	0
Lsamp	1	0	0	0	0	0	0	0	0
Gpr22	0	0	0	0	1	0	0	0	0
Fmo1	0	0	0	0	0	0	0	0	1
Ctsb	1	0	0	0	0	0	0	0	0
Gpr37l1	1	0	0	0	0	0	0	0	0
Spock3	0	0	0	1	0	0	0	0	0
Igf1	0	0	0	0	0	0	0	0	1
Ttyh3	1	0	0	0	0	0	0	0	0
Gad1	0	1	1	0	1	0	0	0	0
Apold1	0	0	0	0	0	0	0	1	0
Mllt11	0	1	0	0	0	1	1	0	0
Tspan15	0	0	0	0	0	0	0	0	1
Kcnd2	0	0	0	1	0	0	0	0	0
Atpif1	0	0	0	0	0	1	1	0	0
Atp5o	0	0	0	0	1	0	0	0	0
Rps3	0	0	0	0	0	0	1	0	0
Rpl19	0	0	0	0	0	0	1	0	0
Hist3h2ba	0	0	0	0	0	0	1	0	0
Trh	0	1	0	0	0	0	0	0	0
Npm1	0	0	0	0	0	0	1	0	0
Snrpe	0	0	0	0	0	0	1	0	0
Rpl37a	0	0	0	0	0	0	1	0	0
Rps8	0	0	0	0	0	0	1	0	0
Negr1	0	0	0	0	1	0	0	0	0
Ttyh1	1	0	0	0	0	0	0	0	1
Tst	1	0	0	0	0	0	0	0	0
Ptn	1	0	0	0	0	0	0	0	1
Osbpl1a	0	0	0	0	0	1	0	0	0
Tmem47	1	0	0	0	0	0	0	0	0
Nxph1	0	1	0	0	1	0	0	1	0
Ntrk2	1	0	0	0	0	0	0	0	0
Rpl21	0	0	0	0	0	0	1	0	0
Rps28	0	0	0	0	0	0	1	0	0
Cox6c	0	0	0	0	1	0	0	0	0
Sst	0	0	0	0	1	0	0	0	0
Agpat5	1	0	0	0	0	0	0	0	0
Tsc22d4	1	0	0	0	0	0	0	0	1
Gja1	1	0	0	0	0	0	0	0	1
Slc1a3	1	0	0	0	0	0	0	0	0
Cox7b	0	0	0	0	1	0	0	0	0
Rpl22	0	0	0	0	0	0	1	0	0
Atp6v1g1	0	1	0	0	0	0	0	0	0
Ndrg4	0	1	1	0	1	1	0	0	0
Map1b	0	0	0	0	0	1	1	0	0
Cpne7	0	1	0	0	0	0	0	0	0
Inhba	0	0	0	1	0	0	0	0	0
Igfbpl1	0	0	0	0	0	0	1	0	0
Cnn3	0	0	0	0	0	0	0	0	1
Prnp	1	0	0	0	0	0	0	0	0
Eif4a1	0	0	0	0	0	0	1	0	0
Ptma	0	0	0	0	0	0	1	0	0
Rps12	0	0	0	0	0	0	1	0	0
Adk	0	0	0	0	0	1	0	0	0
Cdh4	0	0	0	0	0	1	0	0	0
Celf4	0	1	0	0	0	0	0	1	0
Atp1b2	1	0	0	0	0	0	0	0	1
Pcsk1n	0	1	0	0	1	1	0	0	0
Rpl10	0	0	0	0	0	0	1	0	0
Selm	0	0	1	0	1	0	0	0	0
Nupr1	0	0	0	0	0	0	0	0	1
Rps15a	0	0	0	0	0	0	1	0	0
Epha5	0	0	1	0	1	0	0	0	0
Camk2b	0	0	1	0	0	0	0	0	0
H3f3b	0	0	0	0	0	0	1	1	0
Tmsb4x	0	0	0	0	0	0	1	0	0
Zbtb20	1	0	0	0	0	1	0	0	1
Olfm1	0	0	0	0	0	1	0	0	0
Rpl10a	0	0	0	0	0	0	1	0	0
Rps9	0	0	0	0	0	0	1	0	0
Uqcr10	0	0	0	0	1	0	0	0	0
Cd63	1	0	0	0	0	0	0	0	1
Nsg1	0	0	0	0	0	0	1	0	0
Fxyd1	1	0	0	0	0	0	0	0	1
Golga7	0	0	0	0	0	0	0	0	1
Kank3	0	0	1	0	0	0	0	0	0
Tspan13	0	0	0	0	0	1	0	0	0
Islr	1	0	0	0	0	0	0	0	0
Nell2	0	0	0	0	0	0	0	0	1
Ptgds	0	0	0	0	0	0	0	0	1
Prss56	0	0	0	0	0	0	0	0	1
Prok2	0	0	0	1	0	0	0	0	0
Higd1a	0	0	0	0	1	0	0	0	0
Lxn	1	0	0	0	0	0	0	0	0
Mest	0	0	0	0	0	0	0	0	1
Hnrnpk	0	0	0	0	0	0	1	0	0
Ndufa12	0	0	0	0	1	0	0	0	0
S100a16	1	0	0	0	0	0	0	0	1
6430548M08Rik	0	0	0	0	1	0	0	0	0
Hmgcs2	0	0	0	0	0	0	0	0	1
Fabp5	0	0	0	0	0	0	1	0	0
Stmn3	0	0	0	0	0	1	0	0	0
Tprkb	1	0	0	0	0	0	0	0	0
Mapk1	0	0	1	0	0	0	0	0	0
Crip1	0	0	0	0	0	0	0	0	1
Nrxn3	0	0	1	0	0	0	0	0	0
Cisd1	0	1	0	0	1	0	0	0	0
Lurap1l	0	0	0	0	0	0	0	0	1
Mlc1	1	0	0	0	0	0	0	0	0
Eomes	0	0	0	0	0	1	0	0	0
Dclk1	0	0	1	0	0	0	0	0	0
Mtss1l	1	0	0	0	0	0	0	0	0
Rpl32	0	0	0	0	0	0	1	0	0
Bex2	0	1	0	0	0	0	0	0	0
Prkar1a	0	0	0	0	1	0	0	0	0
Fuca1	0	0	0	0	0	0	0	0	1
Kcnc1	0	0	0	0	1	1	0	0	0
Grm1	0	0	0	0	0	1	0	0	0
Atp1a3	0	0	1	0	1	1	0	0	0
B3gat2	0	0	0	0	0	0	0	0	1
Cyth1	0	0	0	0	0	0	0	1	0
Cend1	0	0	0	0	1	0	0	0	0
Apod	0	0	0	0	0	0	0	0	1
Slc1a2	1	0	0	0	0	0	0	0	0
Rplp0	0	0	0	0	0	0	1	0	0
Rpl6	0	0	0	0	0	0	1	0	0
Rpl24	0	0	0	0	0	0	1	0	0
Slc25a18	1	0	0	0	0	0	0	0	0
Rpl18a	0	0	0	0	0	0	1	0	0
Rab3b	0	0	0	0	0	1	0	0	0
Kcnk2	1	0	0	0	0	0	0	0	0
Ntm	1	1	0	0	0	0	0	0	0
Gatm	0	0	0	0	0	0	0	0	1
Mxi1	0	0	0	0	0	0	0	0	1
Gsn	0	0	0	0	0	0	0	0	1
Inpp5j	0	0	1	0	0	0	0	0	0
Luzp2	1	0	0	0	0	0	0	0	0
Gpm6a	1	0	0	0	0	0	0	0	0
Kctd12	0	0	0	0	0	0	0	0	1
Rpl35	0	0	0	0	0	0	1	0	0
Slc6a11	1	0	0	0	0	0	0	0	0
Stmn4	0	0	0	0	1	0	1	0	0
Rab6b	0	0	0	0	1	0	0	0	0
Snhg11	0	1	1	1	1	1	0	1	0
Elavl3	0	0	0	0	0	0	1	0	0
Pde1c	0	0	0	0	1	0	0	0	0
Tspan3	0	0	0	0	0	0	0	0	1
Nkain4	1	0	0	0	0	0	0	0	0
Lamp1	1	0	0	0	0	0	0	0	1
Kcnip2	0	0	0	1	0	0	0	1	0
Mtfp1	0	0	0	0	1	0	0	0	0
Ywhah	0	0	1	0	0	0	0	0	0
Elovl5	1	0	0	0	0	0	0	0	0
Sat1	0	0	0	0	0	0	0	0	1
Rps19	0	0	0	0	0	0	1	0	0
Scg3	1	0	0	0	0	0	0	0	0
Actb	0	0	0	0	0	0	1	0	0
Rps15	0	0	0	0	0	0	1	0	0
Tagln3	0	1	0	0	0	0	0	0	0
Cnih2	0	0	0	0	0	1	0	0	0
Fam181b	0	0	0	0	0	0	0	0	1
Rnf187	0	0	0	0	1	1	0	0	0
Jund	0	0	0	0	1	0	0	0	0
Slc17a7	0	0	0	0	0	1	0	0	0
Glud1	1	0	0	0	0	0	0	0	0
Rpl7	0	0	0	0	0	0	1	0	0
Zfp704	0	0	0	0	0	0	1	0	0
Slc6a1	1	0	0	0	0	0	0	0	0
Slc6a17	0	0	0	0	1	0	0	0	0
Cox6b1	0	0	0	0	1	0	0	0	0
Tubb5	0	0	0	0	0	0	1	0	0
Vamp2	0	1	1	0	1	1	0	0	0
Cd47	0	0	0	0	0	1	0	0	0
Fgfr1	1	0	0	0	0	0	0	0	0
Nfib	0	0	0	0	0	0	1	0	0
Ogfrl1	0	0	0	0	0	1	0	0	0
Clu	1	0	0	0	0	0	0	0	0
Ppp3ca	0	0	1	0	0	0	0	0	0
Syp	0	0	0	0	0	1	0	0	0
2700060E02Rik	0	0	0	0	0	0	1	0	0
Ctxn3	0	0	0	1	0	0	0	0	0
Trdn	0	0	0	1	0	0	0	0	0
Cox8a	0	0	0	0	1	0	0	0	0
Rps3a1	0	0	0	0	0	0	1	0	0
Ctnnbip1	1	0	0	0	0	0	0	0	0
Doc2g	0	0	0	0	0	1	0	0	0
Tshz1	0	0	0	1	0	0	0	0	0
Prex1	1	0	0	0	0	0	0	0	0
Qk	1	0	0	0	0	0	0	0	0
Hmgn1	0	0	0	0	0	0	1	0	0
Rps2	0	0	0	0	0	0	1	0	0
1810037I17Rik	0	0	0	0	0	0	0	0	1
Ank3	0	0	1	0	1	0	0	0	0
Sparc	0	0	0	0	0	0	0	0	1
Mgll	1	0	0	0	1	0	0	0	0
Prkca	0	0	1	0	0	0	0	0	0
Cirbp	0	0	0	0	0	0	0	1	0
Hn1	0	0	0	0	0	0	1	0	0
Rpl17	0	0	0	0	0	0	1	0	0
Ckb	1	0	1	0	0	0	0	0	0
Hap1	0	1	0	0	0	0	0	0	0
Ftl1	0	0	0	0	0	0	1	0	0
Pbxip1	1	0	0	0	0	0	0	0	0
Meg3	0	1	1	1	1	1	1	1	0
Rpl28	0	0	0	0	0	0	1	0	0
Npy	0	0	0	0	0	0	0	0	1
Baiap2	0	0	1	0	0	0	0	0	0
Eif3h	0	0	0	0	0	0	1	0	0
Limd2	0	0	1	0	0	0	0	0	0
Pbx1	0	0	1	0	0	0	0	0	0
Tubb3	0	0	0	0	0	0	1	0	0
Ctsd	1	0	0	0	0	0	0	0	0
Vtn	0	0	0	0	0	0	0	0	1
Tmbim6	0	0	0	0	0	0	0	0	1
Uqcrh	0	0	0	0	1	0	0	0	0
Islr2	0	0	0	0	0	0	1	0	0
Sys1	0	0	0	0	0	0	0	0	1
Sox9	1	0	0	0	0	0	0	0	0
Cd59a	0	0	0	0	0	0	0	0	1
Efhd2	1	0	0	0	0	0	0	0	0
Phactr3	0	0	0	1	0	0	0	0	0
Rps26	0	0	0	0	0	0	1	0	0
Cox6a1	0	0	0	0	1	0	0	0	0
Calb2	0	0	0	0	1	0	0	1	0
Mdk	0	0	0	0	0	0	0	0	1
Rpl37	0	0	0	0	0	0	1	0	0
Atp1b1	0	0	1	0	1	1	0	1	0
Npc2	0	0	0	0	0	0	0	0	1
Hes5	1	0	0	0	0	0	0	0	1
Dlgap1	0	0	1	0	0	0	0	0	0
Scrg1	0	0	0	0	0	0	0	0	1
Rgs10	0	0	0	0	1	0	0	1	0
Aldoc	1	0	0	0	0	0	0	0	1
Eef2	0	0	0	0	0	0	1	0	0
Hepacam	1	0	0	0	0	0	0	0	0
Ccdc85a	0	0	0	1	0	0	0	0	0
Gpm6b	1	0	0	0	0	0	0	0	1
Syt7	0	1	0	0	1	0	0	0	0
Fgfr3	1	0	0	0	0	0	0	0	0
Cst3	1	0	0	0	0	0	0	0	1
Sepp1	1	0	0	0	0	0	0	0	1
Gstm5	1	0	0	0	0	0	0	0	0
Id3	1	0	0	0	0	0	0	0	1
Ndufc1	0	0	0	0	1	0	0	0	0
Bola3	0	0	0	0	1	0	0	0	0
Nrip3	0	0	1	0	0	0	0	0	0
Abr	0	0	0	0	0	1	0	0	0
Fabp7	1	0	0	0	0	0	0	0	1
Strbp	0	0	0	0	0	1	0	0	0
Pax6	0	1	0	0	0	0	0	0	0
Psd3	0	0	1	0	0	0	0	0	0
Cox7a2	0	0	0	0	1	0	0	0	0
Rpl7a	0	0	0	0	0	0	1	0	0
S1pr1	1	0	0	0	0	0	0	0	0
Atp5g1	0	0	0	0	1	1	0	0	0
Mef2c	0	0	1	0	0	0	0	0	0
Th	0	1	0	0	0	0	0	0	0
Cldn10	1	0	0	0	0	0	0	0	0
Cd24a	0	0	0	0	0	0	1	0	0
Pla2g16	0	0	0	0	0	0	0	0	1
Scp2	0	0	0	0	0	0	0	0	1
Atp1a1	0	0	1	0	0	0	0	0	0
Mt1	1	1	0	0	0	0	0	0	0
Sp9	0	0	0	0	0	0	1	0	0
Hnrnpab	0	0	0	0	0	0	1	0	0
Fkbp2	0	0	0	0	0	1	0	0	0
Mt2	1	0	0	0	0	0	0	0	0
Bmyc	0	0	0	0	0	0	0	0	1
Tpi1	0	0	0	0	1	0	0	0	0
Vip	0	0	0	0	1	0	0	0	0
Rps23	0	0	0	0	0	0	1	0	0
S100b	0	0	0	0	0	0	0	0	1
Hmgb3	0	0	0	0	0	0	1	0	0
Ly6h	0	1	0	0	0	1	0	1	0
Rps25	0	0	0	0	0	0	1	0	0
Pde2a	0	0	0	0	1	0	0	0	0
Tuba1a	0	0	0	0	0	0	1	0	0
Tac2	0	0	0	0	1	0	0	0	0
Fam213a	0	0	0	0	0	0	0	0	1
Grb2	0	0	1	0	0	0	0	0	0
Igfbp5	0	0	0	0	0	0	0	0	1
Nrsn1	0	1	0	0	1	0	0	1	0
Shisa9	0	0	0	0	0	1	0	0	0
Btf3	0	0	0	0	0	0	1	0	0
Eva1a	1	0	0	0	0	0	0	0	0
Got1	0	0	0	0	1	0	0	0	0
Atp1a2	1	0	0	0	0	0	0	0	1
Gstm1	1	0	0	0	0	0	0	0	0
Rpl18	0	0	0	0	0	0	1	0	0
Lhfp	0	0	0	0	0	1	0	0	1
S100a1	1	0	0	0	0	0	0	0	1
Cspg5	1	0	0	0	0	0	0	0	0
Sparcl1	1	0	0	0	0	0	0	0	1
Ndufa11	0	0	0	0	1	0	0	0	0
Camk2n1	0	0	1	0	0	0	0	0	0
Pnoc	0	0	0	0	1	0	0	0	0
